500
639 25 275
223 736 676
892 86 421
29 218 505
26 198 649
544 220 589
809 6 805
698 340 155
957 336 92
96 847 603
807 729 536
973 378 552
829 618 861
577 704 45
227 289 79
232 101 277
635 364 370
209 266 936
648 609 171
729 163 379
989 639 556
684 842 775
229 32 315
267 210 942
876 314 655
395 914 458
264 246 561
262 584 897
399 219 997
509 90 47
109 627 792
422 63 381
996 529 971
860 11 720
681 536 266
640 111 434
453 953 875
263 500 178
912 870 298
638 608 152
762 539 778
530 0 324
19 929 878
831 307 57
878 946 85
485 69 760
765 128 475
549 265 872
423 211 539
729 201 311
995 649 438
517 121 224
338 588 230
220 70 631
228 905 859
70 238 668
214 132 935
571 472 784
807 190 96
431 423 467
729 673 984
98 402 339
861 248 190
448 421 278
249 923 443
861 550 50
999 836 968
926 848 166
485 213 401
58 378 985
265 784 455
423 957 995
555 718 154
296 968 579
542 747 57
584 502 852
157 960 80
185 595 675
235 119 890
246 594 619
419 583 522
934 204 716
238 395 671
299 316 751
72 458 998
996 73 213
265 933 880
879 369 157
833 703 611
987 653 7
817 299 663
938 134 115
107 553 272
604 717 203
634 263 488
905 846 92
423 276 3
771 637 261
741 551 427
9 75 883
903 545 834
582 148 127
308 898 796
860 898 210
249 102 780
884 406 620
154 929 864
976 810 881
24 736 332
930 802 864
810 266 787
108 872 858
222 816 460
305 795 227
23 193 328
864 966 279
641 399 981
536 939 115
970 178 962
265 108 434
728 313 606
511 385 576
254 708 1
925 538 719
741 670 364
69 664 330
313 848 719
300 309 408
402 295 127
420 940 677
902 615 300
547 0 286
429 579 654
464 442 213
473 901 796
169 84 515
632 335 818
751 672 224
199 24 244
475 849 72
414 629 194
696 494 243
656 5 750
770 106 425
175 957 517
50 249 848
456 801 667
987 595 950
891 612 719
504 830 547
897 743 474
259 247 637
765 521 626
274 77 285
271 319 540
138 231 693
706 64 407
542 415 206
420 904 584
695 856 765
380 5 351
753 853 953
419 747 546
603 220 219
435 29 336
679 404 165
467 127 622
26 394 564
27 642 135
461 50 379
211 326 761
379 752 831
252 81 19
539 999 349
650 781 651
754 949 199
20 152 126
669 563 217
699 766 167
607 747 114
819 964 108
25 311 677
958 396 715
75 690 627
101 772 850
600 121 983
782 347 428
370 505 341
849 822 105
960 635 828
707 435 733
965 270 808
538 483 435
731 268 851
830 86 881
243 464 610
378 28 850
181 212 797
340 880 701
276 10 948
85 720 488
758 690 645
490 792 93
221 691 306
581 473 530
425 745 330
702 270 251
120 192 119
535 762 185
216 484 724
976 524 282
100 194 227
179 14 534
274 974 553
697 126 868
490 872 574
469 440 184
51 941 477
822 400 74
629 53 149
562 303 993
118 764 606
790 225 522
450 442 860
990 305 621
609 740 947
207 211 660
157 173 75
2 450 593
291 231 706
702 454 687
923 787 625
661 933 425
544 647 908
826 71 165
307 748 569
288 124 688
699 942 500
493 80 39
432 322 250
91 961 835
575 950 999
672 269 40
756 470 651
916 181 585
634 491 91
347 333 670
857 329 693
288 945 813
550 454 314
323 970 404
514 988 657
542 413 187
361 756 625
759 203 549
927 438 698
121 973 608
239 158 550
552 93 992
912 461 117
832 498 716
508 273 834
980 243 551
383 921 508
879 864 276
790 414 934
507 820 282
298 586 998
489 148 538
345 551 543
455 321 188
697 571 233
775 43 744
705 811 386
663 820 980
495 37 502
590 869 874
440 525 456
722 409 654
154 469 969
338 692 649
851 852 859
380 316 718
759 872 35
68 631 920
997 746 433
98 633 872
443 694 903
45 796 293
374 145 531
565 792 169
78 870 619
240 912 143
461 253 255
9 804 901
677 157 441
345 587 638
424 250 845
199 384 483
237 571 574
992 295 977
658 274 565
685 744 49
606 496 904
286 798 607
352 636 620
677 720 659
838 628 903
646 308 440
579 732 90
295 747 175
132 539 971
530 913 830
256 824 481
806 746 338
115 962 140
966 860 724
979 967 804
365 790 13
536 454 672
672 584 822
940 108 233
25 884 561
915 221 63
823 909 302
408 139 946
304 492 97
887 135 453
670 743 945
419 742 154
414 99 489
408 951 32
370 443 950
855 99 685
544 977 358
398 189 122
848 454 662
641 597 21
786 243 125
564 68 765
207 215 869
328 147 900
2 858 144
129 250 174
661 25 14
789 237 323
174 52 741
526 745 476
778 513 109
503 945 43
783 866 521
458 964 60
478 401 686
490 909 73
80 608 65
275 633 548
325 994 530
453 605 99
701 852 650
768 720 215
451 228 338
453 415 95
426 665 374
152 922 67
831 93 96
738 811 556
586 561 329
122 353 665
750 868 721
968 600 351
577 212 656
224 108 845
367 762 574
807 845 974
818 613 642
26 929 829
267 180 702
308 339 6
869 566 400
141 633 30
746 215 419
340 370 721
776 567 84
52 157 617
673 272 661
485 442 273
754 113 429
283 678 486
667 45 395
599 7 301
211 137 255
328 7 747
175 380 703
500 833 806
72 861 42
18 921 862
575 573 709
417 115 20
324 801 618
832 919 88
844 243 588
523 395 310
339 333 168
510 114 509
905 349 727
818 815 236
146 197 602
760 655 177
772 494 754
759 448 924
564 635 624
864 627 150
68 442 302
274 56 507
310 451 56
831 76 864
855 615 507
462 554 791
895 449 809
651 321 475
150 61 103
899 343 714
504 172 247
437 439 522
158 372 282
408 338 597
789 647 65
94 678 284
723 656 906
873 333 582
141 349 967
698 391 595
938 309 376
791 813 670
828 738 685
526 646 423
361 362 180
214 947 486
226 137 77
844 101 770
835 883 37
336 766 131
376 162 831
771 809 165
437 410 676
237 444 284
748 448 534
309 808 469
835 367 947
984 461 281
381 527 966
816 801 138
250 641 874
554 102 845
851 285 763
272 905 147
437 946 222
451 349 26
53 502 235
994 374 28
930 839 649
791 137 286
829 696 138
705 448 5
79 255 834
548 727 527
111 288 301
47 419 793
457 110 905
596 16 515
241 143 429
614 240 416
664 85 974
67 526 507
988 554 390
470 635 981
253 16 788
344 732 628
771 735 332
44 546 813
175 779 464
695 631 811
63 776 457
293 43 199
41 933 515
989 543 253
753 191 356
780 865 331
124 368 889
743 894 386
973 496 497
924 519 801
727 78 602
822 545 321
80 660 306
602 426 689
351 42 870
352 998 274
980 947 75
637 363 801
